0 0 0 0 0 0 0 0 0 0 0 1 0 0 0 0 0 0 0 0 0 0
0 0 0 0 0 0 0 0 0 0 0 0 1 0 0 0 0 0 0 0 0 0
0 0 0 0 0 0 0 0 0 0 0 0 0 1 0 0 0 0 0 0 0 0
0 0 0 0 0 0 0 0 0 0 0 0 0 0 1 0 0 0 0 0 0 0
0 0 0 0 0 0 0 0 0 0 0 0 0 0 0 1 0 0 0 0 0 0
0 0 0 0 0 0 0 0 0 0 0 0 0 0 0 0 1 0 0 0 0 0
0 0 0 0 0 0 0 0 0 0 0 0 0 0 0 0 0 1 0 0 0 0
0 0 0 0 0 0 0 0 0 0 0 0 0 0 0 0 0 0 1 0 0 0
0 0 0 0 0 0 0 0 0 0 0 0 0 0 0 0 0 0 0 1 0 0
0 0 0 0 0 0 0 0 0 0 0 0 0 0 0 0 0 0 0 0 1 0
0 0 0 0 0 0 0 0 0 0 0 0 0 0 0 0 0 0 0 0 0 1
-35192.7890796329 -0 -0 -0 -0 -0 -0 -0 -0 -0 -0 -317.173514866483 -0 -0 -0 -0 -0 -0 -0 -0 -0 -0
-0 -103028.733116316 -0 -0 -0 -0 -0 -0 -0 -0 -0 -0 -10.7858382736924 -0 -0 -0 -0 -0 -0 -0 -0 -0
-0 -0 -124560.89096804 -0 -0 -0 -0 -0 -0 -0 -0 -0 -0 -10.3441786656121 -0 -0 -0 -0 -0 -0 -0 -0
-0 -0 -0 -492583.726261653 -0 -0 -0 -0 -0 -0 -0 -0 -0 -0 -23.6205469543411 -0 -0 -0 -0 -0 -0 -0
-0 -0 -0 -0 -517796.082346381 -0 -0 -0 -0 -0 -0 -0 -0 -0 -0 -106.59039308623 -0 -0 -0 -0 -0 -0
-0 -0 -0 -0 -0 -1087727.1279091 -0 -0 -0 -0 -0 -0 -0 -0 -0 -0 -22.5508595479517 -0 -0 -0 -0 -0
-0 -0 -0 -0 -0 -0 -1479366.98866617 -0 -0 -0 -0 -0 -0 -0 -0 -0 -0 -57.4390306359159 -0 -0 -0 -0
-0 -0 -0 -0 -0 -0 -0 -1614143.12830495 -0 -0 -0 -0 -0 -0 -0 -0 -0 -0 -89.2693116777113 -0 -0 -0
-0 -0 -0 -0 -0 -0 -0 -0 -2028430.37877671 -0 -0 -0 -0 -0 -0 -0 -0 -0 -0 -148.715128686816 -0 -0
-0 -0 -0 -0 -0 -0 -0 -0 -0 -2306830.80732345 -0 -0 -0 -0 -0 -0 -0 -0 -0 -0 -233.847932163663 -0
-0 -0 -0 -0 -0 -0 -0 -0 -0 -0 -3101436.7753883 -0 -0 -0 -0 -0 -0 -0 -0 -0 -0 -201.401572932635

