0.999964892904715 0 0 0 0 0 0 0 0 0 0 0 0 0 0 0 0 4.99263720800424e-05 0 0 0 0 0 0 0 0 0 0 0 0 0 0 0 0
0 0.999383314979164 0 0 0 0 0 0 0 0 0 0 0 0 0 0 0 0 4.99600358156392e-05 0 0 0 0 0 0 0 0 0 0 0 0 0 0 0
0 0 0.99792818017907 0 0 0 0 0 0 0 0 0 0 0 0 0 0 0 0 4.98607280791444e-05 0 0 0 0 0 0 0 0 0 0 0 0 0 0
0 0 0 0.997213214982612 0 0 0 0 0 0 0 0 0 0 0 0 0 0 0 0 4.96939105515472e-05 0 0 0 0 0 0 0 0 0 0 0 0 0
0 0 0 0 0.993173402541595 0 0 0 0 0 0 0 0 0 0 0 0 0 0 0 0 4.95961542182885e-05 0 0 0 0 0 0 0 0 0 0 0 0
0 0 0 0 0 0.988780057656006 0 0 0 0 0 0 0 0 0 0 0 0 0 0 0 0 4.97314794135388e-05 0 0 0 0 0 0 0 0 0 0 0
0 0 0 0 0 0 0.98161508792704 0 0 0 0 0 0 0 0 0 0 0 0 0 0 0 0 4.96091427054303e-05 0 0 0 0 0 0 0 0 0 0
0 0 0 0 0 0 0 0.976651578839894 0 0 0 0 0 0 0 0 0 0 0 0 0 0 0 0 4.9557543528797e-05 0 0 0 0 0 0 0 0 0
0 0 0 0 0 0 0 0 0.97506389261601 0 0 0 0 0 0 0 0 0 0 0 0 0 0 0 0 4.85629301612805e-05 0 0 0 0 0 0 0 0
0 0 0 0 0 0 0 0 0 0.971094964277128 0 0 0 0 0 0 0 0 0 0 0 0 0 0 0 0 4.93556287318964e-05 0 0 0 0 0 0 0
0 0 0 0 0 0 0 0 0 0 0.968264030204622 0 0 0 0 0 0 0 0 0 0 0 0 0 0 0 0 4.92312381767561e-05 0 0 0 0 0 0
0 0 0 0 0 0 0 0 0 0 0 0.96478765557467 0 0 0 0 0 0 0 0 0 0 0 0 0 0 0 0 4.93593727731885e-05 0 0 0 0 0
0 0 0 0 0 0 0 0 0 0 0 0 0.959259953247571 0 0 0 0 0 0 0 0 0 0 0 0 0 0 0 0 4.91925886320968e-05 0 0 0 0
0 0 0 0 0 0 0 0 0 0 0 0 0 0.955185622599179 0 0 0 0 0 0 0 0 0 0 0 0 0 0 0 0 4.92436897589572e-05 0 0 0
0 0 0 0 0 0 0 0 0 0 0 0 0 0 0.955322583806898 0 0 0 0 0 0 0 0 0 0 0 0 0 0 0 0 4.86689363195482e-05 0 0
0 0 0 0 0 0 0 0 0 0 0 0 0 0 0 0.953038567413472 0 0 0 0 0 0 0 0 0 0 0 0 0 0 0 0 4.91700343234656e-05 0
0 0 0 0 0 0 0 0 0 0 0 0 0 0 0 0 0.952257429820538 0 0 0 0 0 0 0 0 0 0 0 0 0 0 0 0 4.91190343567587e-05
-1.40359143432509 0 0 0 0 0 0 0 0 0 0 0 0 0 0 0 0 0.997044627131189 0 0 0 0 0 0 0 0 0 0 0 0 0 0 0 0
0 -24.659981390395 0 0 0 0 0 0 0 0 0 0 0 0 0 0 0 0 0.998196285702705 0 0 0 0 0 0 0 0 0 0 0 0 0 0 0
0 0 -82.7862173368075 0 0 0 0 0 0 0 0 0 0 0 0 0 0 0 0 0.993743566743461 0 0 0 0 0 0 0 0 0 0 0 0 0 0
0 0 0 -111.226131042749 0 0 0 0 0 0 0 0 0 0 0 0 0 0 0 0 0.986852300625268 0 0 0 0 0 0 0 0 0 0 0 0 0
0 0 0 0 -272.222561810447 0 0 0 0 0 0 0 0 0 0 0 0 0 0 0 0 0.981612865806883 0 0 0 0 0 0 0 0 0 0 0 0
0 0 0 0 0 -447.711987050676 0 0 0 0 0 0 0 0 0 0 0 0 0 0 0 0 0.985534716008597 0 0 0 0 0 0 0 0 0 0 0
0 0 0 0 0 0 -732.719783938588 0 0 0 0 0 0 0 0 0 0 0 0 0 0 0 0 0.978268183127947 0 0 0 0 0 0 0 0 0 0
0 0 0 0 0 0 0 -929.954488766574 0 0 0 0 0 0 0 0 0 0 0 0 0 0 0 0 0.974555039426028 0 0 0 0 0 0 0 0 0
0 0 0 0 0 0 0 0 -986.383904702418 0 0 0 0 0 0 0 0 0 0 0 0 0 0 0 0 0.93474288119409 0 0 0 0 0 0 0 0
0 0 0 0 0 0 0 0 0 -1149.33875360307 0 0 0 0 0 0 0 0 0 0 0 0 0 0 0 0 0.964676382653581 0 0 0 0 0 0 0
0 0 0 0 0 0 0 0 0 0 -1260.63553660247 0 0 0 0 0 0 0 0 0 0 0 0 0 0 0 0 0.95879917092326 0 0 0 0 0 0
0 0 0 0 0 0 0 0 0 0 0 -1399.67097816541 0 0 0 0 0 0 0 0 0 0 0 0 0 0 0 0 0.962710291648515 0 0 0 0 0
0 0 0 0 0 0 0 0 0 0 0 0 -1617.05001974442 0 0 0 0 0 0 0 0 0 0 0 0 0 0 0 0 0.954248588124295 0 0 0 0
0 0 0 0 0 0 0 0 0 0 0 0 0 -1778.97790531978 0 0 0 0 0 0 0 0 0 0 0 0 0 0 0 0 0.954902577977164 0 0 0
0 0 0 0 0 0 0 0 0 0 0 0 0 0 -1766.57173941739 0 0 0 0 0 0 0 0 0 0 0 0 0 0 0 0 0.932281813848239 0 0
0 0 0 0 0 0 0 0 0 0 0 0 0 0 0 -1863.04441476601 0 0 0 0 0 0 0 0 0 0 0 0 0 0 0 0 0.951266123407704 0
0 0 0 0 0 0 0 0 0 0 0 0 0 0 0 0 -1893.2889640279 0 0 0 0 0 0 0 0 0 0 0 0 0 0 0 0 0.94898696774301

